  16.938079 52.408508 16.937325 52.404397 0 no2_emis 0 20000
16.9372298441281    52.4045963173464    -1 1.11720935227946E-06     0 10000
16.9377359662844    52.4047475909177    -1 2.61646590850744E-06     0 10000
16.9377832815072    52.4049335076969    -1 1.80843598549097E-06     0 10000
16.9372561226992    52.4048717594454    -1 2.44165398274987E-06     0 10000
16.9372975213877    52.4050250895427    -1 2.77825886817034E-06     0 10000
16.9372967839431    52.4051771448076    -1 2.90943252203446E-06     0 10000
16.9376963747609    52.4054250801147    -1 1.24896969737985E-06     0 10000
16.9372491925359    52.4055051527345    -1 5.11463611377369E-07     0 10000
16.9377541637001    52.4058000888604    -1 2.53546300276625E-07     0 10000
16.9376429588042    52.4057066068852    -1 6.73883595264355E-07     0 10000
16.9379726127749    52.4061699885997    -1 6.78572826943674E-07     0 10000
16.9374521526554    52.4062096433416    -1 1.43676236823421E-06     0 10000
16.937852428118 52.4063036343778    -1 7.36926684934104E-07     0 10000
16.9374239790432    52.4063506699852    -1 5.47346360795012E-07     0 10000
16.9378942213716    52.4064562432044    -1 6.79652673825783E-07     0 10000
16.9379746213716    52.4067903155905    -1 7.87314212354408E-07     0 10000
16.9377699722968    52.4067499519034    -1 3.38061733702166E-07     0 10000
16.938232707879 52.4069648057185    -1 1.04642313546423E-07     0 10000
16.9382404391627    52.4073801613711    -1 9.29669767680958E-07     0 10000
16.9383595146253    52.4075428315121    -1 8.45154334255416E-07     0 10000
  16.9849715  52.4378744   5.0  6.6074303451896244e-02     0 10000
  16.9439739  52.4144516  10.0  3.4056316590563168e-04     0 10000
  16.8600386  52.4235700  12.0  2.3660347856418060e-04     0 10000
  16.9969396  52.3856068   5.0  1.7162766362252663e-04     0 10000
  16.9104742  52.3802188  10.0  7.7416475139523082e-05     0 10000
  16.8827916  52.3865009  10.0  6.4996857559614397e-05     0 10000
  16.8771633  52.4123570  10.0  5.0851689497716895e-05     0 10000
  16.9657635  52.4165899  10.0  3.3231861998985287e-05     0 10000
  16.8925411  52.3928114  10.0  3.0156529680365294e-05     0 10000
  16.8970973  52.3888597  10.0  2.8290281582952815e-05     0 10000
  16.8856089  52.3895931  34.0  1.6416159309994928e-05     0 10000
  16.8923145  52.4069615  10.0  1.6381040081177067e-05     0 10000
  16.8968717  52.3921398  22.0  1.5010674784373415e-05     0 10000
  16.8950762  52.3904710  25.0  1.1573666286149164e-05     0 10000
  16.8967866  52.4490113   5.0  1.0438924816083207e-05     0 10000
  16.9130772  52.3914104  10.0  8.4851547437848814e-06     0 10000
  16.8894225  52.3920996  16.0  8.3112950279046170e-06     0 10000
  16.9477078  52.4528732  10.0  7.7645053272450537e-06     0 10000
  16.9465109  52.4508047  13.0  7.7240385591070530e-06     0 10000
  16.8821175  52.4580452  16.0  7.4900862506341960e-06     0 10000
  16.9925500  52.3880101  10.0  6.9293410705225770e-06     0 10000
  16.8679572  52.3950766  10.0  6.8196987569761549e-06     0 10000
  16.8924381  52.3843968  10.0  6.4045865043125321e-06     0 10000
  16.8937829  52.3863429  10.0  6.3538102486047696e-06     0 10000
  16.8941880  52.3941548  10.0  6.0643328259766617e-06     0 10000
  16.8726105  52.3938742  10.0  5.9330695078640283e-06     0 10000
  16.9001482  52.3934491   5.0  5.8797526636225268e-06     0 10000
  16.8981952  52.3724068   5.0  5.7189244038559108e-06     0 10000
  16.8953550  52.3738430  13.0  5.5896093353627600e-06     0 10000
  16.9165588  52.3888584  19.0  4.3502384576357181e-06     0 10000
  16.8687290  52.3910748  16.0  4.2762455606291226e-06     0 10000
  16.9333294  52.4087465  10.0  4.2512024353120246e-06     0 10000
  16.9520718  52.4286211  16.0  4.1107255200405887e-06     0 10000
  16.9593416  52.4307942   7.0  3.9637239979705731e-06     0 10000
  16.9775448  52.4273707  10.0  3.8242516489091830e-06     0 10000
  16.9506510  52.4569770   4.0  3.5236529680365299e-06     0 10000
  16.9338069  52.4100340  13.0  3.5059969558599693e-06     0 10000
  16.9324350  52.4505270  10.0  3.3265956367326232e-06     0 10000
  16.9514560  52.4565881  10.0  3.2688787417554543e-06     0 10000
  16.9737756  52.4235703  10.0  3.1547374429223741e-06     0 10000
  16.9126284  52.3889582  19.0  3.1201217656012177e-06     0 10000
  16.9167116  52.3893689  16.0  2.9756671740233382e-06     0 10000
  16.9527596  52.4274727  10.0  2.9721359715880264e-06     0 10000
  16.8489330  52.3455430  10.0  2.8801217656012179e-06     0 10000
  16.9447238  52.4578644  16.0  2.8481785895484524e-06     0 10000
  16.9449727  52.4562684  16.0  2.6794520547945206e-06     0 10000
  17.0208665  52.4064262  10.0  2.6397158802638257e-06     0 10000
  16.8840343  52.4123917  10.0  2.6036732623033995e-06     0 10000
  16.9514560  52.4565881  10.0  2.5798477929984778e-06     0 10000
  16.9176807  52.3906088  10.0  2.2863115169964482e-06     0 10000
  16.9794817  52.4226578  10.0  2.2722678843226791e-06     0 10000
  16.8992187  52.3986399  10.0  2.1831760527650940e-06     0 10000
  16.9194061  52.3947423  10.0  2.1452663622526638e-06     0 10000
  16.9282378  52.4072261  10.0  1.9723997970573314e-06     0 10000
  16.9404514  52.4086195  10.0  1.9520243531202438e-06     0 10000
  16.9121172  52.3886427  10.0  1.8668290208016236e-06     0 10000
  16.9269629  52.4111287  10.0  1.8120345002536783e-06     0 10000
  16.9775448  52.4273707  10.0  1.8071638762049721e-06     0 10000
  16.9151453  52.3861710  16.0  1.6871029934043632e-06     0 10000
  16.8982048  52.3908163  16.0  1.5985794013191272e-06     0 10000
  16.9937623  52.4252366  10.0  1.5442313546423135e-06     0 10000
  16.9115919  52.3898285  16.0  1.4826179604261795e-06     0 10000
  16.9182798  52.3896958  10.0  1.4629325215626585e-06     0 10000
  16.9214835  52.3988893  10.0  1.4439776763064436e-06     0 10000
  16.9322891  52.4494459  13.0  1.4337493658041603e-06     0 10000
  16.9132768  52.3872686  22.0  1.4106139015728058e-06     0 10000
  16.8770257  52.4123780  10.0  1.4081380010147134e-06     0 10000
  16.8857129  52.4133532  10.0  1.3422628107559615e-06     0 10000
  16.9363417  52.4070331  10.0  1.2822323693556570e-06     0 10000
  16.9410728  52.4032218  19.0  1.2106341958396751e-06     0 10000
  16.8759502  52.4158217  10.0  1.1202841197361745e-06     0 10000
  16.8970041  52.4016765  16.0  1.0180821917808220e-06     0 10000
  16.9814757  52.4090035  10.0  9.4003044140030438e-07     0 10000
  16.9209415  52.3935437  10.0  9.2943683409436830e-07     0 10000
  16.9344557  52.4077626  10.0  9.2472856418061895e-07     0 10000
  16.8743388  52.4089015  16.0  9.1539320142059872e-07     0 10000
  16.9382866  52.4066986  10.0  8.7204464738711316e-07     0 10000
  16.9312475  52.4132667  13.0  8.6230339928970065e-07     0 10000
  16.9261767  52.4246510  10.0  8.5800101471334347e-07     0 10000
  16.8969476  52.3975288  16.0  8.2199898528665654e-07     0 10000
  16.9155153  52.3916043  13.0  8.0917300862506346e-07     0 10000
  16.9663109  52.4197607  16.0  8.0527650938609843e-07     0 10000
  16.8967257  52.3904792  10.0  7.8932521562658552e-07     0 10000
  16.9327847  52.4077993  10.0  7.0303399289700656e-07     0 10000
  16.9344717  52.4080226  10.0  6.9731100963977679e-07     0 10000
  16.8957842  52.4016846  10.0  6.1986808726534752e-07     0 10000
  16.8862909  52.3924908  13.0  5.9734145104008117e-07     0 10000
  16.9304077  52.4114403  10.0  5.8143074581430739e-07     0 10000
  16.9180271  52.3866318  10.0  5.5752409944190770e-07     0 10000
  16.9050978  52.3951296  19.0  5.2213089802130903e-07     0 10000
  16.9211224  52.3992047  16.0  4.9055301877219679e-07     0 10000
  16.9209717  52.3947803  13.0  4.3665144596651445e-07     0 10000
  16.9017057  52.4102232  17.5  2.9735159817351600e-07     0 10000
  16.9877000  52.4062568  10.0  2.4905124302384576e-07     0 10000
  16.9337674  52.4079362  10.0  1.1709791983764587e-07     0 10000
  16.8963156  52.3980072  19.0  1.0486047691527144e-07     0 10000
  16.9786177  52.4841026  10.0  1.8169710806697106e-08     0 10000
